5202178320
5621363976
2861963885
5882460515
5869457488
6047183997
5551646108
2873889365
1617367510
3305364923
5259173835
1983236877
5526029225
5021411233
2252675600
5142110687
5661567789
2938173923
1953678273
2844756625
2896346707
2478303253
5108190084
3066200633
5973459784
3924191095
3980705452
1185760550
5718500766
3278094833
5291194919
2931937054
5817193914
6009823529
2822857711
3770600725
3304907601
2798479964
2698384625
5863765586
5680714710
5134082691
3971011774
6052341511
3994670474
2943474997
3744281864
5880827085
2256020231
5090005524
5710997057
3132841941
1082208544
5742746346
5514636985
3969964422
5849094716
1818004970
1975201561
5227747753
2977350805
5920589451
5830952374
3966011882
3084603295
2094488445
1043752687
2643028172
1802291663
2358609131
2633551505
2387352873
5894050781
2637616851
5776161597
5558251883
1338216910
2712807637
5641373979
3965335181
2829543973
2677166375
3076769451
5145486941
2844723153
2884574493
3990162618
1678000092
6053147324
5661208103
3880448627
5925556574
5272033141
3970984710
2326250077
5862019636
3230278027
3078853517
1614300102
1774980345
3186637292
3062526203
3994706594
5968541121
3090038665
1744042262
3192961404
1839060271
2964781082
2891163905
2738470165
2939076715
3190331781
5936364235
3971919591
2599821592
2385755961
5874736095
1418073543
2386380567
2928476151
2665683881
3128104215
3171528074
1862909207
5721485806
3898549638
5106526099
2900760825
5848343465
2729973882
6011040738
2900650793
3237796684
5373167649
2668736075
2741567227
3147972207
1901630957
5910959611
3243512963
3256345034
2946217177
2095352365
3056394223
2834455453
3165697921
2648175195
2474078895
5116358383
5093747661
5106441382
5227626846
5106441382
5227626846
1853652231
3153924075
5105424662
5669443048
1937439051
5671707323
1997963914
2637272525
3508550911
1770629505
3214619574
1743040097
5704740872
1559592143
1805881345
2868050744
3308909925
1284187175
5902716455
5729100363
1642765790
5711458715
3995548651
6004153235
1804460633
1842558194
1703704777
2356851740
2851342062 
3865699201
5873874139
5521843214
2335046802
2115049850
2314155782
2193542574
5492260322
5788957743
5937022332
2662955665
5255518915
1404939617
5606604552
1747947381
2715964551
5336827828
2676604794
3232750942
1456093480
2376785205
5239201304
2434225410
2260969987
2835196244
2075192021
2537959564
2907249882
3706995822
1760203657
5092396252
1410717540
1916401801
5179998980
2681707423
5232449042
1860481760
1198253935
2813843123
2172143027
5103264721
5332139341
1242940551
1666208770
2253955670
1685878232
5184070608
1915816397
2421179474
1897253911
2135348954
2716697671
2523984842
1633247993
1675289274
2213776052
2033713754
1809677994
3847757241
2190673075
1835085143
2339094840
1749133542
2693137633
5236014366
3045824413
1769340624
2144592681
5774952472
1777227881
5949237070
2414212357
1949530717
5352563958
5241980347
1307418975
2694805965
1799514374
5607762570
3875599775
1784947504
2398971735
2534293324
2893224831
5607957603
2828856644
1850091785
1838886692
3144159971
1312412824
3283147324
3309875481
1406237275
1752331040
3095481707
5592027801
5125809774
3150627562
2488066385
5721356561
1732098823
6022488443
2708724901
5548649528
2599334797
5436288274
1274277260
3896925746
2205810053
1105167884
3800946815
1770059175
1196129047
2820749565
5999862784
3051894027
2890920947
5423958299
1286830145
3190331205
2823200187
1720133422
3514596733
3795468420
2425573010
1731908791
2351937411
1751009923
1661347232
2257089944
1749773145
1220174421
2613155190
6021112135
2271832587
1447814211
5917954838
2797627937
2274286812
5562790970
1608947621
5689304106
1641690377
5162720208
1808735230
5637163511
2401427012
1101675253
2060954117
1881715422
2991761063
5730083160
1791943487
2722709511
1284664183
2773724935
1692954345
2961452124
5494604359
5593715987
3204782687
5519160551
1658593917
2559716797
1575782365
1720035773
5372532313
5157433387
1632219921
3548267483
5561953834
1297267994
1969465224
5271532221
1437737072
5697535984
1743903984
1366356590
3195762980
1904671130
2993787142
2186934295
2167265471
1798418310
1076681125
2470252722
1840420737
5217016506
1740082247
5208567335
18230216843214616557
3265724465
3192993603
1272968932
5949915549
3211884025
1917366342
1722486023
1964791300
1775643235
5176893087
2409254253
2488521054
3121030507
3625321175
1886667157
5397976564
3119575475
5187382778
5330207164
2775511980
1736036581
5883511337
2814207801
1359550100
2779008871
3364445284
2803162643
1314312467
5714592311
5236463114
5658459859
1199573137
2083784543
5566448206
3205857394
2720261370
1762128144
6020193736
2013021501
2169311431
2693096503
1861538891
3053106553
1934220631
1751243813
1895467397
1979799905
3484017641
5094949796
2787800815
1834706457
1774493257
1757956903
5511270260
2365996222
3243254574
3130267593
2290980657
1294615063
1657503340
2503851872
5078501850
2301159243
2797736382
2714280233
3244722323
2496720714
1873473232
5253381212
1768341151
2439093703
1758971722
1586325714
1660464335
5339660121
2846477821
2906751861
1977128483
2083951963
2749960311
1888630701
6011603625
2553418722
2403830677
1767910704
5134362523
5635897813
1822657067
1764112831
1776901383
1071100363
5150318204
2136609490
1869145171
2297754350
5352237819
2088357195
1663024822
2185847502
1919014323
2346390381
2486876671
2787125480
2490229872
2721625273
5883487992
1981591101
5669025497
5281988968
3926823124
1989076277
2911986151
2695347927
5768256261
1351515825
2486429973
5979100936
3976248465
3224323304
5428840952
2171850750
5149876861
5299140026
2675247525
1034530363
3668763943
1927950533
3318954452
1767128265
2845362072
2741866140
2751071383
2962487647
5604875078
1987100183
3214616557
3820623611
1823021684
1670879140
1641094845
5572744743
1002760370
2010846855
1790072201
5344134665
1854227070
1755347705
3995455457
6030480504
1830682790
5733136341
3126928911
5218838855
1773024434
6009071853
5236577665
2703704471
5518568999
5306616168
1835515090
1764201992
1607082044
1744736110
2461468380
5579244670
3841541029
2284996584
5056183904
3059016341
2404271253
1771409503
3779552707
1899269227
1423564212
1648750633
5416399527
1788052133
1659564381
5238236050
2283069224
5262160020
2607190683
5620446434
2705631321
2573959681
1285629742
1759969245
2061526072
5190567024
2622857750
2078402344
5659262794
1616770337
2655800914
1770776012
5888369217
3222341504
2690029337
3054579985
1697262304
2338429803
2337617540
1263579063
1251635332
1945490325
5150563374
1425507561
3942975037
1874684535
1903926704
1313315380
2505418127
1695958733
1821374891
1108894351
2573776401
1762598882
1711431505
5236525110
1951639671
3562101512
3903090389
2935874111
2963436627
1341614173
3994431555
1700163432
1594052081
2422574814
5473880509
1263315721
3134143705
2706082150
2248547642
2558476075
1774951450
2720434577
1954473335
5349844255
5519191961
1935913063
1403050123
1970449237
2672248087
3806043907
3760291182
5054275174
1863540757
5406657768
2903099125
1962755421
5646786581
5380981618
1040240331
1642720220
3582006423
1750007322
1885229780
3069517045
5319800027
1662655880
5247617461
2614898402
3184997132
2928815583
5573979393
1305972435
3908070415
1252219587
5991169753
1937484060
1873983470
1747792507
1934403631
3125488713
1826082312
6027855969
2682849500
2648545067
2653962961
1751393013
3216824592
1820712057
1410315394
5116378813
2577139143
5013079868
2360773772
1811507863
1787168665
5608718306
3773844191
1768876862
1670085713
1991269735
5315115164
5318379586
2257789530
5682651449
5181127366
1794512494
1842601547
1740642813
2827702974
5668375951
1940324650
2265435404
1639804820
1648467814
2265157325
1772514292
5660764829
2287768525
3275698703
1567250074
5467867079
1645211065
3282823984
6019984792
2597613521
1010956892
2137386745
1731868940
6047944045
1909094105
2273035283
1793136007
1056263455
5661946866
3592626822
2997718097
3714509610
5382921024
1918323953
5505096657
1347118243
5732307137
1807626561
1119376042
3414687714
3915999533
1820072675
1253533084
2014221325
2296927337
5890377435
5578429458
5051197761
1803455741
2460392312
2676488930
2823480587
1782912332
5223967358
2753423860
2895718993
5122250537
1229989020
3759715285
1825323985
1727139422
1254347743
1705901331
5095863649
3390314360
5407514502
2758983612
5043771903
1705798261
2301086411
1689414080
2568192834
5404755734
2352387107
3978657895
5327783815
2938382927
1721200955
3757721845
1710724631
1779435031
1935951087
5715524722
1400565967
1938699281
5925172839
1845524525
1615686412
2392249852
1823063924
3649078944
1729521974
1268970762
5041232884
3873158418
1822225630
5727593820
1880286472
1850528173
1229385395
1152032342
1246279100
2510970864
1798544537
1915458005
1235095670
1629454740
1660221325
1746383931
1772439462
3063931745
1842805660
1824567765
1797007051
1498683871
3182677591
5410423935
2785992143
5348882935
2354614193
1891705172
1751194453
2138208853
2819051425
5241907805
5891332753
1375316303
2165963273
1796326851
2307431405
5606651943
5082004622
5675686327
1842357963
2104957175
1585045622
5139773205
2692122821
2860682904
3758864627
3318886130
2612830645
1773124407
1768968462
1800854350
3479685712
2487976054
1690200385
2501187850
3881509727
5992130436
3090574285
2796724080
5134951435
1985391034
1862967875
5464642528
5043210205
1961394407
1837752224
2270105395
2758173950
5658579564
1275189432
2686843631
1837679231
2673738515
1760672962
5732554220
2194259045
1901951481
3553337225
1885411364
2273540870
1864763137
3202111700
2739391245
2717805253
5919800279
5794635648
2657469607
2122213441
2747682721
2634683083
5525382415
1685421441
5637365296
3591355593
1743660634
1667143893
5537757819
1858733914
1782844453
2727520022
1366918303
1898910771
1950794190
5133598092
1244767010
5356194148
1844477602
5547436326
1782575242
1798968775
1897352250
5493563653
3154445334
3809843664
5873053613
3848848664
2447307131
2694626802
2703514265
2289977425
5676293287
1787514041
1848166307
1779480075
2372992640
3769555247
1858928432
1601622881
5224731138
1954453683
2362663410
3838982025
2371512040
1746316033
1940069670
5643527878
5108483094
1290519354
3181884774
1874729695
1794838284
1253128043
3157137813
2828785872
1853408891
2614781885
1943222777
1791843190
1170622433
3120496212
5662222414
5315260695
1890659682
3696860602
2810858250
5828549366
1806080943
5855744721
1991083540
2254818780
2104822807
2615733481
2476224155
1904435840
2420885164
1394523250
2736369923
2265775033
5020477246
1241807634
1583644707
1955508847
1946538472
5605512542
1767548274
5482199545
1225512093
5044873156
1088743454
2287823537
1435982522
2361387743
1614401610
5214271056
2489500805
3249564645
3212013301
5483820078
2785703252
5848730499
1706461630
3284507292
1890773304
3671084303
2250874573
1739046283
3789393093
1789010251
2252401233
3895652501
1784028795
1916057622
1849295143
5538866640
1869703060
2671450422
2827450720
2551535071
3926111831
2897170363
2435172217
5982838505
2899122121
5555072164
1578049113
2839842291
2204098282
1800907722
5625035920
3547869103
2568398022
2170757213
5460991756
2283301674
5208832858
1466158810
2154013292
2142024532
2565930390
3798074170
1627440453
5883380839
1378010100
5105905905
2117306420
1768305123
5802343800
2079128493
1862928653
5142344292
2598204090
5786396120
1818804643
2827913171
1947701812
3552603433
3143826920
1786618445
5372921666
1781080715
1783500387
2728910817
1862105874
2095465984
5472790008
5608551150
1751035982
5774844003
1104934741
3031209030
2871033210
2049053974
1282850602
2696695351
3204124165
1235048145
2286552551
2699245401
5286942224
2707617187
1343738131
3900252680
2906742723
1024011900
2836619165
1952717041
1745953773
5880186843
1413997840
2835651715
5530027913
1953641195
5920589685
1827644737
6049315193
1652451991
1638970257
2273223252
2962375162
1596982287
1649408193
5523357190
2432192634
3508848635
1865969987
5179708335
3082413223
6025390370
1277211063
3629091837
2092571011
2535186085
5629946935
1805683602
3226496827
5899968921
5192458704
1597241982
3196529914
2375841964
3096769181
5736699126
3967451528
3476934103
1790213817
5970313443
2702815960
2057173957
2952702104
3477601732
3936654056
3613159973
2921233947
1986212173
2242410412
3664169723
5333671257
2437650743
5945480890
5465717542
1692587744
5843769074
3202028910
5353052262
5220851311
5290892431
3926680374
1911845105
5889535403
