1001236733
1003125555
1003843290
1006111053
1006132723
1006464722
1007681023
1008758372
1009420260
1012351072
1012990153
1013449064
1016262974
1018032855
1018072287
1025906905
1028361511
1029207511
1030482437
1032310303
1032781303
1037070301
1038330705
1041508671
1043878037
1044140552
1044247277
1044347433
1044932114
1045528843
1046775213
1049071751
1052819080
1053428737
1053953693
1054825093
1056293522
1060886795
1061831785
1063744975
1065526610
1066162524
1066317210
1066759110
1069861453
1070677831
1073261074
1074680433
1076433640
1076653974
1077197890
1078312505
1079220264
1080607392
1082650152
1083222633
1083617561
1084059191
1084263222
1084968780
1085827544
1091758372
1091854252
1092040422
1094520384
1096536995
1098169632
1099383424
1099713350
1100386754
1102640590
1104261270
1104294647
1105443024
1107081002
1107255171
1117274233
1118537213
1131596767
1132311174
1134233684
1134796120
1135038143
1135135785
1138845400
1140054342
1142040661
1142722663
1144005782
1145146204
1146345440
1148405140
1148804115
1150598917
1153686001
1156982813
1158018293
1158314603
1159140900
1159579313
1160254117
1161461425
1162155852
1164376431
1169523917
1171144812
1171430225
1172327933
1172595732
1173197324
1173544292
1175057762
1179410250
1179610767
1180697935
1182420271
1182578661
1188369822
1188688191
1189313175
1191026373
1191262305
1192504311
1195031270
1195381367
1196166632
1197199510
1198528372
1198922655
1202586970
1210358231
1210507130
1210621603
1210833167
1211421600
1212394350
1212865661
1212933964
1213785842
1215862823
1216098513
1217113264
1217557395
1217743083
1218639357
1218965013
1220103251
1220130854
1220256491
1220944021
1220985282
1221156585
1222887030
1223081970
1223178222
1223465794
1224614723
1224838603
1225674333
1226181593
1226423475
1226647245
1226774187
1227493664
1227662575
1228226182
1228864031
1229781887
1229811695
1229860611
1230337030
1231624983
1232180325
1232342822
1232709630
1233628161
1234394840
1234694902
1234987460
1236989155
1238048115
1238788290
1240567832
1241146247
1243192613
1243835340
1244802090
1245272973
1245759890
1245805547
1246130430
1246229612
1246386790
1246529447
1246756713
1247063043
1248295983
1248431665
1248491195
1248962631
1249175510
1249622393
1250206673
1251203680
1251408034
1251724644
1251903252
1252036043
1252270994
1253491601
1253531973
1253546035
1254433995
1254729362
1255700271
1256042280
1256243813
1256897071
1258009312
1258076953
1258256457
1259110474
1260634835
1260760503
1260808364
1261971094
1262433331
1262486753
1263302664
1263348083
1263992191
1264462263
1264681217
1266479034
1268075087
1268500521
1270490921
1270492934
1270623893
1271185611
1271254891
1271366323
1271394395
1272966597
1273658300
1273719027
1274327470
1275086697
1275112392
1275460695
1276426392
1276464823
1276789105
1277019732
1277127435
1277211063
1277481137
1277626137
1277764985
1278089051
1279286025
1280716931
1280997552
1281642723
1282903762
1283239522
1283431191
1283656883
1286759783
1287282055
1287347154
1287370021
1288370924
1288481945
1289807305
1291109137
1291223562
1291477164
1291998414
1292139713
1292465190
1294889937
1294914034
1294961412
1295343232
1296913965
1300296900
1301656714
1301714581
1301890202
1303221747
1303314384
1303388057
1303913170
1304207063
1305355281
1306484861
1306568387
1307866684
1308889783
1309669623
1310974460
1311027235
1311635933
1311700395
1312935343
1313739335
1314234992
1314656080
1315469422
1316292282
1320471657
1322677792
1326428554
1327951404
1328091815
1328173685
1333827261
1336700293
1337970873
1338302232
1339788483
1340404854
1340938973
1343215951
1344223467
1345364517
1345569890
1345675161
1346975180
1347117067
1351166582
1351260305
1352313654
1353163217
1356460971
1358002552
1358075672
1363450462
1364709421
1368401112
1369234287
1369304812
1369461005
1369932307
1373853705
1375159605
1376291362
1376860701
1376992612
1377405997
1377422604
1392072373
1395889561
1397634191
1398363241
1398680483
1400582340
1400940363
1401805912
1401921941
1403936721
1404069510
1404082823
1406161731
1407132951
1407228433
1407280417
1407317733
1409773767
1410183874
1410818932
1411355117
1412151723
1412785493
1412944672
1413182087
1413875221
1414660444
1414705722
1414744724
1416793974
1417203230
1418602280
1420104554
1420792957
1421267997
1421647581
1422770653
1422817134
1423060483
1423723051
1423859105
1424390991
1426092904
1426770091
1427844833
1429207620
1429354260
1429630362
1430817381
1431065881
1432409564
1434424440
1434624975
1435404120
1438245880
1438290491
1439506887
1441575560
1442378302
1442623871
1443551171
1443592257
1444122230
1444356272
1450241373
1451884345
1452511754
1452636890
1454791052
1458619332
1459641614
1461978967
1462311620
1462914597
1464922222
1467428782
1473632960
1475978527
1478027007
1478282890
1483820045
1487540030
1487932477
1488577775
1490444352
1491004157
1494761561
1497009881
1502912585
1503231795
1503988637
1504056704
1504529192
1504693281
1504965390
1510087120
1514136394
1526365154
1526852490
1529584512
1530246270
1533469453
1536249880
1547284335
1548592460
1550707407
1550851225
1550853395
1550883742
1551385057
1551631093
1551649425
1553986804
1557335862
1557538244
1557890311
1558096124
1558147054
1558528464
1558902755
1559914332
1562020452
1562989541
1563760971
1564555715
1565220263
1565814354
1565977264
1566434810
1567783680
1567931891
1568397740
1569100112
1569900415
1571639605
1572213382
1572260677
1572499541
1572674622
1574501392
1574718122
1575333582
1579252671
1579815010
1580957991
1582827574
1583024515
1585350182
1585693197
1587142935
1587898367
1588160402
1589363474
1590418662
1590956147
1592341522
1594940532
1595340177
1596295883
1597130452
1597402701
1598499180
1599439594
1600563540
1600721332
1601350263
1602363752
1603024854
1603051521
1603388045
1603635267
1603990282
1604236990
1604516980
1604893667
1605210630
1605315887
1605676965
1606011953
1606263255
1607480851
1607742821
1607748764
1607940380
1608667211
1609648201
1609679523
1613209864
1613965273
1613987435
1615526217
1615743184
1616831265
1617112494
1617569911
1619916465
1620730630
1621645944
1621727523
1622525825
1624629860
1624911561
1626193367
1626568733
1626936283
1627262755
1627355091
1627565474
1627765600
1628587977
1628780752
1628951200
1630423685
1630745010
1630864803
1631694532
1631817013
1633032001
1633950591
1634232425
1634328752
1634427793
1634732375
1635129403
1636253741
1638173735
1638970257
1639112573
1639421885
1639531387
1639650452
1639675713
1640375257
1641179817
1641373843
1642083952
1642271910
1642282333
1642307053
1642330551
1642351362
1642480695
1644087561
1644246493
1644250693
1644296264
1644394154
1644574352
1645826702
1646341710
1646548033
1646817362
1647307110
1647375747
1647773441
1648073405
1648664373
1648782501
1649055220
1649295520
1649408193
1649853601
1650105797
1650259884
1650415493
1650437431
1650559453
1650617790
1650793140
1650963332
1651062473
1651167081
1651374470
1651457905
1651695683
1652193104
1652254804
1652451991
1652595252
1652955110
1653076903
1653637602
1653963311
1654721634
1654758604
1654780991
1654807054
1655449275
1655976335
1656123295
1656312435
1656453483
1656554564
1657023630
1657548755
1657846472
1658082655
1658289372
1658399430
1658834053
1659023411
1659709960
1660095935
1660387693
1660516725
1660523032
1661361021
1661543823
1661630520
1661679151
1661718027
1661965513
1662194560
1662214194
1662322432
1662549720
1662868757
1662943705
1663163401
1663649482
1663991004
1664095622
1664509514
1664813705
1664906624
1665074831
1666243892
1666486652
1667161372
1667505841
1667575473
1668082505
1668348584
1668677500
1668910617
1669095947
1669197345
1669931455
1669992750
1670148302
1670720257
1671879001
1672323912
1672324454
1672437600
1673397857
1674427862
1674613903
1676457697
1676502301
1677441630
1677786897
1677901783
1678312093
1679571310
1680316917
1681840237
1681992802
1682068313
1682153365
1682184751
1682917945
1683051475
1683227333
1683268040
1683576482
1684289132
1684581690
1684887381
1685057004
1685465012
1685973732
1687533752
1687927562
1688103904
1688756124
1688783144
1690374057
1691371701
1691401547
1692172171
1692505404
1693353393
1693389077
1694439775
1694893442
1695447147
1696417870
1696842423
1697159110
1697273514
1697313320
1697550464
1697633025
1697645804
1698921600
1699048210
1699488065
1699700580
1700352255
1701406133
1701936933
1702611811
1702833725
1703677505
1703708694
1704832685
1705463903
1705938664
1706302197
1706372681
1706612454
1706684100
1706873245
1707027110
1707729560
1708263953
1708265843
1709513183
1710755851
1711473271
1711523125
1711649821
1711704715
1711919253
1712514351
1712600045
1714509270
1715258073
1716213267
1716382674
1716517954
1716907894
1717291853
1717321192
1717451720
1718349024
1718488412
1719242581
1719697772
1720140681
1720176533
1720637695
1721352120
1721513293
1722773284
1722791920
1723999675
1724400207
1724473633
1724647043
1725128292
1725247697
1725343854
1727068911
1727479674
1727568051
1727639347
1727987701
1728943132
1729025460
1729121654
1729474511
1729562517
1729570795
1729614224
1730303641
1730368367
1731006645
1731195371
1731266341
1731333872
1731718353
1732028757
1732440831
1732526331
1732676734
1732833563
1733300465
1733397331
1733813592
1734031245
1734324972
1734442735
1734575225
1734658782
1734755231
1735690190
1736059120
1736260255
1736438563
1736439225
1736486645
1736554690
1736663375
1736689561
1737025645
1737025727
1737509281
1738041392
1738170654
1738617760
1738844450
1738932247
1739255537
1739350604
1740094442
1740152154
1740338574
1740577714
1740758342
1740764720
1740794323
1740861445
1740912934
1740917112
1741157314
1741730801
1742121542
1742564355
1742790633
1742825423
1742880704
1743121492
1743187511
1743210731
1743588404
1743640897
1743865557
1743974354
1744049974
1744075140
1744422483
1744538574
1744766887
1744788490
1744798431
1744851462
1744979980
1745018862
1745206137
1745324550
1745527490
1745573472
1745679700
1745893175
1746331981
1746418671
1746446924
1746580461
1747096757
1747118717
1747247831
1747321001
1747370107
1747606555
1747613331
1747723504
1748007401
1748062715
1748392237
1748432597
1748662501
1748666114
1748906104
1749026917
1749139802
1749640013
1749804204
1749860650
1749977987
1750016637
1750081270
1750351617
1750421437
1750611173
1751158793
1751181191
1751195602
1751313995
1751426857
1751531510
1751643902
1752042793
1752088664
1752603802
1752608547
1752909052
1753033432
1753089724
1756337037
1756413397
1756658073
1757183897
1757197675
1757495831
1757533457
1757599201
1757632011
1758128807
1758910143
1759015447
1759019913
1759734447
1759762505
1760006521
1760125325
1760260287
1760526253
1761090341
1761172971
1762165550
1762269177
1762696131
1762764324
1762808770
1762957924
1763108407
1763303463
1763893227
1763908284
1763966181
1764070483
1764158343
1764232354
1764310194
1764609344
1764844697
1764855964
1765532862
1765580440
1765676605
1765789051
1765808731
1766408967
1766519674
1766610544
1766809742
1766909504
1767055167
1767076672
1767958461
1768290872
1768349993
1768476294
1768511117
1768627074
1768691622
1768740385
1768794895
1768817124
1768825191
1768851457
1768975892
1769373347
1769533347
1770099980
1770103267
1770550880
1770636154
1770747551
1770809017
1770990180
1771167183
1771304224
1771541734
1771770621
1771913060
1772610745
1772653471
1772879567
1772903294
1773876951
1773968570
1773982254
1774487660
1774733957
1775052081
1775186391
1775335243
1775349392
1775362530
1775408922
1775851651
1775923061
1776191837
1776309605
1776691974
1776788973
1776920655
1777681887
1777844241
1778223147
1778259805
1778811167
1778912865
1779071313
1779595382
1779596414
1779709850
1779749325
1779946007
1780014332
1780366523
1780410010
1780844982
1781048624
1781489367
1781631814
1781657975
1781878855
1781880001
1782119017
1782520975
1783087384
1783337327
1784027353
1784206143
1784353423
1784522462
1784561240
1785043002
1785177764
1785571442
1785615792
1785880095
1785927702
1785934112
1786285045
1786829397
1786910815
1786988370
1787173040
1787330791
1787609103
1787920170
1788048915
1788519535
1788534231
1788760715
1788834611
1789651137
1789662602
1789994781
1790091233
1790138307
1790246325
1791006117
1791334323
1791340975
1791344270
1791437015
1791825265
1792597835
1792845982
1792951112
1793006620
1793285524
1794044977
1794271684
1794684023
1794695051
1795219824
1795396652
1795441800
1795509221
1795743387
1796608931
1797581270
1797701691
1797947271
1797963955
1798178067
1798347550
1799790334
1800125967
1800326274
1800395122
1800429060
1800452141
1801494123
1801510374
1801802277
1801897125
1801943225
1802351382
1803286125
1803494647
1803735171
1803743862
1803821533
1803843411
1803917267
1803967403
1804199912
1804302512
1804452842
1804549454
1805683602
1805912367
1806498590
1806725494
1806805024
1806826260
1806860064
1806866065
1806963941
1807653380
1807695957
1807715644
1808141812
1809024500
1809387272
1809892002
1810651384
1810858657
1810982274
1811958467
1812092911
1812121444
1812465323
1812690611
1813038107
1813682212
1815483937
1815610120
1816395115
1816435163
1817055697
1817300927
1817480245
1817909727
1818097187
1818316311
1818607024
1819322783
1819750625
1819896475
1819921793
1819923414
1820578701
1820837745
1820891901
1821820973
1822162774
1822305917
1822667157
1822796164
1823290707
1823294193
1823371257
1823433920
1823978305
1824729985
1824867972
1826228860
1826325694
1826444744
1826644523
1826658855
1826724942
1827010567
1827363695
1827685703
1828299802
1828537453
1828703165
1828862945
1829214352
1829277022
1829311463
1829841741
1830025971
1830199294
1830325932
1830463377
1830467840
1830483711
1830833540
1830917275
1831349407
1832447572
1833723524
1833999534
1834371335
1834427621
1834780884
1835393323
1835415447
1835563780
1835628521
1835827660
1836065492
1836776732
1837828912
1838388131
1838559795
1838887532
1839116047
1839512887
1839537501
1839743807
1839807553
1839853391
1840105820
1841325127
1841910917
1841991654
1842403003
1842659935
1842910890
1843287630
1843643013
1844022063
1844299882
1844757012
1844790954
1845211330
1845918350
1846373435
1846402681
1847044794
1847104685
1847694130
1847876672
1848575750
1849003731
1849329684
1849677344
1850394537
1851881587
1852250133
1852340382
1852376135
1852580853
1853417515
1853492110
1853554624
1855532131
1855663875
1855832741
1856746862
1857232250
1857414070
1857688322
1860372214
1860468422
1860925332
1862506300
1862604470
1862631885
1862844160
1862974331
1863337381
1863680152
1864087824
1864533655
1864548634
1864702712
1864955721
1865040870
1865298437
1865529917
1865708882
1865741995
1866129872
1866407474
1866618521
1867329134
1868284421
1869365690
1869428614
1869724410
1869831972
1870286710
1870524005
1871775345
1872209135
1872473454
1873300862
1874031143
1874778925
1875383877
1876246875
1877225743
1877810215
1877813797
1877888407
1877963711
1878552963
1879111167
1879685897
1879956164
1879984350
1880047847
1881583055
1881631667
1881640432
1882079795
1882469563
1882551744
1883139533
1884258204
1884362150
1884366051
1884886000
1885217980
1885611142
1885785875
1885797282
1886078703
1886102794
1886203722
1886290635
1886419032
1886847925
1887869977
1888017414
1888501281
1888771323
1889458371
1889695831
1889725254
1889790691
1890503044
1890589381
1890756733
1890872724
1891130554
1891622622
1891821157
1893466553
1894072481
1894810230
1895867015
1896135131
1896730587
1897142161
1897278521
1897349377
1897471195
1897594250
1898191617
1898426370
1898483003
1898902013
1899003497
1899483625
1899492564
1900270895
1900479703
1900549383
1901026135
1901692317
1901892037
1902435980
1902824701
1903225827
1904055407
1904353963
1904403815
1904456803
1904468857
1904822345
1904875041
1905210775
1905287201
1905748837
1906053321
1906355433
1906604475
1906713635
1906714442
1907194104
1907541313
1907950475
1908039103
1909266603
1909533460
1909584067
1909702753
1910899357
1911216045
1911237367
1911560065
1911912165
1912010983
1912150611
1912985644
1913040151
1913353905
1914512617
1914544601
1914586941
1914635823
1914977541
1915508264
1915620077
1915851925
1916237987
1916266967
1916308904
1917379712
1918008722
1918424443
1919724635
1919777580
1919951993
1919997717
1921315871
1921655771
1921868697
1922170517
1922802767
1923009940
1923262220
1923721942
1924301293
1924628845
1924960265
1926392052
1927706047
1927993075
1928899723
1929564543
1930057340
1930166801
1930794641
1930880322
1931481711
1931619631
1931831752
1932445147
1933306597
1933314767
1933432043
1934530940
1935824253
1935962674
1935976160
1936017125
1936456560
1937565133
1937999630
1938730927
1938808375
1938922130
1939209821
1939433211
1940272564
1940913600
1941009705
1941378750
1941739474
1942050584
1942076345
1942141101
1942315962
1942900133
1942981010
1944004620
1945622674
1946955321
1947165624
1947180767
1948032861
1948046952
1948403480
1949074215
1951122633
1951249873
1951298162
1952574527
1952722131
1952821493
1952921033
1953090322
1955553720
1956504174
1956515714
1957116141
1957482815
1958169701
1958835764
1960538647
1960844765
1961591165
1961615427
1961652861
1962847982
1963016185
1963415623
1964088327
1965089175
1966179231
1966380590
1967024830
1967744547
1968363913
1968938743
1968988581
1969603431
1970928440
1971364652
1971537652
1971921112
1972774661
1973154125
1973203377
1973417815
1973483054
1974854925
1975077467
1975444545
1975742431
1975816493
1977009607
1977464343
1978376155
1979589003
1980379777
1980430637
1980521685
1980898322
1980903057
1981247641
1981303393
1982346593
1982940951
1983408197
1983693223
1984140713
1985375991
1986212173
1988055185
1988349037
1990433205
1991389262
1991884505
1998624445
1999008433
2000466373
2001304135
2002339363
2004422113
2004560835
2005085781
2008927255
2009666927
2009668191
2011129190
2011137931
2011399330
2011968567
2012694250
2012749863
2012860634
2013105331
2013488497
2013911864
2014140460
2014222940
2014678280
2015688177
2016788505
2016819670
2018658895
2020592933
2021255203
2022598372
2023397954
2023791210
2024364085
2026280037
2027067215
2028640304
2029212013
2029438617
2031657983
2032755191
2032840625
2032873431
2033460332
2034050060
2034108792
2034468722
2034503500
2035113201
2035800781
2036198443
2037212201
2037372611
2038532883
2040531093
2040828031
2042653637
2042704985
2043291895
2043973775
2044145800
2045535547
2047958122
2048487555
2048865520
2049558505
2051067113
2054709671
2055537285
2058211651
2058650460
2059100960
2060426114
2062802543
2064083054
2065101511
2065658491
2068187187
2070208653
2073572785
2073861555
2074782830
2076358823
2076886121
2077292187
2080319453
2081779583
2082182025
2083350901
2083492240
2084080255
2084670273
2084964047
2085263655
2086652543
2086695261
2088302497
2090910535
2090994001
2091334277
2091597697
2092303461
2092571011
2095263421
2096503935
2099804201
2100255153
2100445057
2100491997
2101679964
2102481883
2102547757
2102607397
2103416370
2103775034
2103832827
2104204707
2108197123
2108233953
2108948781
2109218851
2112764944
2113521155
2113614695
2114174460
2114827580
2114858877
2115034114
2117195482
2117871375
2118626263
2118630893
2119981955
2120509327
2122346895
2122714320
2123245577
2123286787
2124580897
2124607327
2124941195
2125439293
2125984002
2126155863
2127205144
2128099040
2129074500
2132657213
2133503702
2133539983
2133598591
2133625483
2135742304
2137797413
2137950932
2138426312
2138615190
2138876990
2139265693
2139885703
2140275005
2140284871
2140603290
2140657423
2141035491
2141100877
2141337093
2141347175
2142058927
2144670151
2144934445
2145263293
2145270191
2146306632
2146773284
2146924017
2147514324
2147552393
2148083972
2148379560
2148591260
2151387865
2151499590
2152037653
2155035021
2155226773
2155987804
2156053770
2159628963
2160104350
2160269277
2162637834
2163113965
2163492775
2163532534
2165734711
2166351387
2167670890
2169734635
2169971942
2170129707
2170599857
2172034552
2172372573
2173291530
2175032443
2175184140
2175502747
2177359237
2177869914
2178690247
2178873962
2178966452
2180019633
2180551362
2181084251
2182537064
2182782434
2182828352
2184353003
2184405462
2184711717
2184994142
2186071125
2187180402
2187518231
2187926710
2188110855
2188969933
2189944364
2190099394
2190680077
2191554324
2193325157
2194402240
2194542537
2194978410
2196090512
2197077363
2200780383
2203282867
2203835934
2203959564
2204968577
2206143181
2206720813
2207498703
2207797521
2209962737
2210475152
2211337701
2211881167
2212432267
2213118440
2213518444
2213631093
2214564020
2214631594
2215679775
2215849633
2216417031
2217066377
2217139520
2217590625
2218609645
2230502323
2230907174
2230961373
2231735422
2232985261
2234015580
2234066755
2234838025
2234901197
2235042922
2235360132
2235625930
2236389927
2238344645
2239780570
2241186261
2241530401
2242389770
2242410412
2242508317
2242543310
2243162541
2243565465
2244734960
2245315561
2250633254
2251551672
2251991062
2253895170
2255638095
2257270367
2258531224
2259216515
2260060642
2260063304
2260198851
2260690081
2261511214
2262972190
2264995042
2266232793
2266998123
2267307313
2267457670
2267811430
2268220190
2268603763
2268745814
2269166292
2269188302
2270616407
2271538092
2272708084
2273530770
2275293431
2275298931
2276786981
2277435630
2278846283
2279452994
2280430267
2282773222
2283151440
2283633692
2283914744
2284173897
2284718441
2284835430
2284897363
2284913791
2286407395
2287063484
2287259122
2288672267
2288700163
2289012140
2290096230
2290420130
2290812374
2291380312
2291396152
2291584405
2292629775
2292970584
2293431603
2294136593
2294221987
2294487810
2294505471
2294571774
2295132303
2295313571
2296230873
2297255040
2297283717
2297594122
2299674743
2301059721
2302659791
2303398081
2304008974
2304043340
2308130741
2308352517
2309846073
2310383995
2311311691
2311989863
2313386684
2313796925
2314689323
2315238427
2315460911
2315738212
2316673484
2317224450
2318578327
2319303700
2319482662
2319735600
2319945227
2321399775
2322428431
2322620071
2322825384
2324575493
2325354081
2326094047
2326197297
2326848057
2327450363
2327483514
2328153695
2329582931
2329817092
2331681500
2334031423
2334410160
2334625501
2335408312
2336685761
2338870752
2340682397
2342257132
2342646570
2346125762
2346406084
2346686371
2346786634
2347703341
2348699543
2350659134
2350980333
2352197397
2352573174
2352781812
2352866563
2353119485
2353543685
2354515284
2355295453
2356567571
2356619394
2358149763
2358688720
2360529897
2362415182
2363525603
2363790623
2363815253
2365178052
2365952110
2365961811
2367879513
2368589862
2369772541
2370587544
2371678357
2372535245
2373103393
2373482441
2373489715
2373532242
2375055637
2376001707
2377304124
2377595595
2378774322
2379794817
2380495817
2381094393
2385341970
2386013397
2387047434
2389013830
2391322817
2391739420
2391749125
2391956035
2392953677
2393059255
2393996157
2395062935
2396471721
2396803740
2397825727
2398564913
2400594903
2403897994
2404353132
2405426824
2406839642
2407008135
2409271791
2409387633
2410532715
2411362032
2411800720
2412059741
2413208404
2413627011
2415357043
2415751794
2416344820
2417843193
2419078251
2420011275
2420714053
2421768672
2421907110
2422839103
2423067517
2423286601
2426122372
2426952957
2429581427
2429847483
2430252570
2432044282
2434072745
2434157292
2439873364
2440210504
2441563314
2442163043
2442452610
2443280307
2447844780
2448487261
2450521834
2451023803
2451389155
2451603391
2451705144
2452150245
2453124941
2454622072
2457298570
2458421482
2460594347
2460662277
2460928735
2461020135
2461933493
2462874387
2463007930
2463534923
2466030483
2467703952
2469797222
2470226234
2470763297
2472681902
2472699830
2472771914
2474534463
2474554701
2474796303
2475742012
2476747973
2478376121
2480089981
2481161121
2482113621
2482328241
2483034051
2484832905
2485740167
2486477824
2487292540
2487651294
2487717240
2488943822
2489183324
2489923091
2490206603
2490448101
2494097527
2494822153
2495249393
2495912641
2496070130
2496463452
2497117490
2498115277
2499102684
2500227753
2500935572
2501050054
2504318270
2505894464
2507326573
2507341727
2507754700
2508946812
2510980482
2511024814
2514778027
2516415875
2516590442
2522081422
2522368200
2523256145
2523291954
2523447484
2524843724
2526779542
2526895363
2527301947
2527670372
2529691715
2532744031
2535185251
2535186085
2535515235
2537344133
2537908381
2539580204
2541460093
2542976985
2543927830
2545357870
2545769002
2546135607
2546795792
2546991782
2547674454
2547916923
2548956584
2549012361
2550251747
2550513817
2550690183
2550912264
2552852030
2553810981
2557367513
2557426595
2563397684
2565833712
2565883904
2568181892
2568205242
2570833857
2573842852
2575593553
2579624137
2579962051
2583020862
2583117550
2584307584
2585218385
2585597267
2585801433
2586635622
2588029787
2589032414
2589321827
2589839227
2594031760
2594507804
2597847871
2600953931
2602924291
2606747153
2607395954
2608050205
2608494712
2608782797
2609074170
2609078527
2609299062
2609855755
2609878374
2610278421
2610949163
2611513555
2611597355
2611998693
2612567870
2613131654
2614077111
2614436545
2614899162
2615096471
2615517384
2615904401
2617550713
2618029423
2619259150
2619491415
2620562911
2621035857
2622365637
2623049003
2624699331
2624711487
2625109831
2625481001
2625584857
2626299203
2626538875
2627103142
2629214473
2629677237
2630423123
2630528793
2630866877
2630897637
2631081991
2631443867
2632115505
2632161225
2632620251
2635474177
2635749013
2636200714
2636301573
2637034752
2637402473
2637627087
2639013261
2641652125
2642990154
2645087721
2645389731
2646304791
2646421097
2648576693
2649513884
2649576042
2650274624
2652033101
2652259502
2652631170
2654049243
2654414042
2655385675
2656481833
2657657655
2657755207
2657968144
2660364227
2660816863
2661217335
2661322853
2661348230
2661355084
2665115055
2665638035
2667322631
2668527451
2671005730
2671932523
2671948453
2672123923
2672203721
2672264393
2672471821
2677268621
2677274501
2677543004
2677972833
2677977253
2678058820
2678120877
2679301397
2680123883
2680721660
2680881077
2681067781
2681967672
2682363235
2682963545
2683565392
2685939413
2686330651
2687335132
2687449813
2688238287
2688964991
2689394931
2689809701
2689983030
2690462181
2693378333
2694684951
2696550722
2696826085
2697890873
2698512042
2702184812
2702981735
2703384597
2703427313
2704438147
2704612875
2704679803
2704916173
2706297881
2706993103
2708146223
2708345502
2708537180
2708629577
2708665301
2709974052
2710229472
2710439964
2711655985
2711688470
2711897533
2713120124
2714482057
2715099641
2715861851
2717049155
2717877127
2718184151
2718913120
2719946963
2720260133
2721842802
2722166801
2722868374
2723297217
2723645291
2724024803
2724276741
2724403010
2726672453
2726883997
2726964922
2727153411
2727552233
2729029232
2729309701
2730047117
2730950681
2732540867
2732735474
2732977075
2733544905
2733641351
2734790425
2734819417
2737924511
2738945577
2740311750
274049917
2741607125
2741749654
2742274232
2746118747
2748130045
2749181801
2754086227
2754414142
2758869295
2759398454
2759751670
2759969885
2760254051
2761753061
2762505391
2762663280
2765066173
2770059705
2770302655
2770454004
2772162540
2773342833
2775037307
2775847417
2780160884
2781697991
2781702793
2781961280
2782753493
2783344330
2784023833
2785474810
2788174972
2791184471
2792343847
2792554267
2793098475
2793422134
2794868862
2794982681
2795449910
2796502551
2796773440
2797255312
2799192065
2799609091
2799770923
2800881300
2801468952
2801945163
2802494092
2802976751
2804029092
2805374584
2805652347
2807311001
2807952830
2808382280
2808475660
2809279597
2812058745
2813075820
2813583202
2813771935
2814335361
2814680487
2814853162
2816305340
2816580685
2817245003
2817610037
2819238752
2819413147
2819478670
2820236807
2820298814
2821821657
2822457912
2823470493
2823925801
2824623903
2825653895
2826381917
2827716724
2828443680
2828627690
2830437044
2830609804
2830929937
2830961300
2831068421
2834917067
2835935605
2837296461
2838122363
2840099313
2840177141
2841266250
2843673323
2844587361
2845451872
2849964471
2851678337
2851979044
2853270824
2855053840
2855143392
2855626964
2856091660
2856923292
2857280880
2858734531
2858960914
2859127187
2860915332
2860930862
2862269152
2864225232
2864748610
2865074732
2865677032
2867896310
2869027677
2869732960
2869739174
2872178514
2873637794
2873780400
2874355363
2877643180
2878056165
2878686313
2879849577
2880080697
2880661965
2880722792
2884895991
2885896690
2885972310
2887525920
2890727052
2895068911
2897264767
2897760292
2900546875
2900773131
2902559341
2902810620
2903136583
2904252415
2904737133
2905830203
2906362063
2906947907
2907683847
2907899383
2908754377
2908827603
2909065142
2910594675
2911499420
2912181121
2913133562
2913316382
2914161011
2915042053
2915370021
2917468953
2918256450
2918501932
2920536031
2921223352
2921243792
2924303623
2929571482
2930083773
2930285990
2932279074
2932817434
2939915620
2940101397
2941018531
2941565102
2941758460
2942252320
2943078191
2943625512
2943710833
2944566945
2945194450
2945636341
2946187524
2946252921
2946527172
2947274473
2947693594
2948703700
2948916265
2948960857
2951634082
2952108505
2953833595
2955263677
2957464141
2957662015
2957789252
2960703507
2961949875
2962375162
2963218760
2963652493
2966094294
2967254391
2967589602
2967984542
2969904722
2970712984
2973524213
2975517453
2976027821
2976269944
2977035992
2978861035
2979023130
2979392192
2981507400
2982963295
2982986895
2983939400
2986355282
2987518535
2988451563
2992152430
2992475275
2993098484
2993132305
2993746481
2994117604
2994640543
2998067174
2998677071
3002847684
3008267952
3008587875
3011554557
3011739161
3015280383
3016142797
3024155821
3025738202
3038921874
3039563457
3041425890
3044305667
3044564763
3048645125
3049817110
3050103360
3052359901
3052778165
3053437627
3059612927
3059876941
3059965682
3060654400
3062180661
3063547657
3063911267
3064097405
3065188933
3066202667
3069468743
3069639537
3071039345
3082730682
3082731712
3083674060
3084084102
3085115911
3085967905
3089573084
3092088201
3092470090
3093386644
3093493195
3094972911
3097328157
3099016097
3101618941
3103451647
3104956804
3105915505
3108253635
3109030525
3109731537
3109947317
3113521945
3114021732
3114138953
3114170743
3115287633
3115537195
3118199855
3124899667
3128203325
3128541413
3128619833
3130505947
3130777560
3131796637
3131802053
3134875333
3136156681
3137264187
3143067505
3145090797
3145716705
3146613872
3147618172
3148657647
3148771922
3150912404
3151505827
3153793604
3155620524
3156763360
3157865193
3158308312
3158856871
3159242672
3161520985
3161809102
3162175941
3163062431
3163099683
3164140715
3164319337
3164332590
3164799115
3165110012
3166131481
3166167437
3166350033
3167273137
3167797031
3168344537
3168757814
3168856171
3169159407
3169259133
3169469570
3169573223
3169824740
3170419770
3170655173
3170658187
3170765584
3170810457
3171559383
3171826684
3172550240
3173015161
3173505217
3173690742
3174607071
3174646191
3174906562
3175594150
3175641157
3176933742
3176951007
3177013573
3177548173
3177992322
3178162190
3179457792
3179503341
3179768140
3179776242
3179922773
3180117092
3180394300
3180437243
3180894567
3180903421
3181193800
3182280277
3182413243
3183316704
3183457464
3183468027
3183506682
3183808800
3184263022
3184368234
3184865310
3184885394
3185946272
3187537151
3187960652
3188269524
3189058865
3189082311
3189450862
3189540923
3190989450
3192422090
3192981325
3192994942
3193380885
3194238243
3194970757
3195415584
3195445505
3195817110
3196659610
3196891802
3197037202
3197244853
3198204070
3198618345
3198679077
3199543192
3200498577
3200820340
3201350337
3202028910
3202449254
3203003023
3203387565
3203886193
3203926164
3204233452
3204836680
3205205101
3205788742
3206928211
3208238981
3208379043
3208605283
3208862423
3209312765
3209591072
3211326732
3212149213
3212392984
3212418037
3212538510
3213669401
3214236040
3214561404
3214954305
3215165341
3215587460
3216588975
3218708472
3219304641
3219311104
3219512574
3219538224
3219542392
3219867572
3220232925
3220426660
3220968361
3221302360
3221944040
3222678152
3222976960
3223134642
3223627100
3224438213
3224847003
3224974775
3225594435
3226496827
3226537004
3227572841
3227630671
3227653301
3227826122
3228823803
3230071097
3231254820
3234003874
3235314402
3235739510
3235855942
3236545312
3236814872
3237184057
3238040064
3239448242
3243612560
3247473822
3248126577
3249566337
3250311062
3251619020
3251815844
3251938632
3252664384
3254966413
3255727524
3260127551
3261323361
3261914441
3262380480
3262940450
3263314912
3264656232
3266104500
3266794892
3267315661
3267997670
3270389590
3270559114
3271035672
3271909944
3273040604
3273407841
3273612284
3274309527
3274894134
3277282924
3277433507
3277446450
3278720032
3278984737
3279114931
3279418765
3279559387
3279740187
3281050717
3282389131
3282775164
3283096281
3283667542
3284171675
3285522034
3286041020
3286445884
3287400213
3289125842
3289312194
3289596444
3290243431
3291505143
3293870192
3293894342
3294903295
3296052420
3300213612
3303932855
3304283465
3304515535
3304856860
3305290402
3305743361
3305773501
3306180020
3306586311
3306641153
3308066953
3310679915
3311503744
3312943650
3316891360
3317610895
3318272261
3318662660
3320032480
3320633472
3320868430
3323442082
3329133864
3349733972
3350431380
3355779014
3358930452
3362148360
3362606940
3364547594
3369711462
3371832594
3377117922
3378273420
3381329830
3392827014
3394897420
3396027900
3397788730
3398231802
3401191764
3409322040
3414401504
3415091524
3415102604
3415707590
3419355052
3434008782
3435450704
3449201570
3449611910
3453676094
3454712232
3455828132
3459830922
3465583440
3476970402
3477499124
3478670094
3479455605
3479616741
3481921040
3482970281
3483470895
3484219567
3485465810
3485868217
3487599453
3487956194
3488498914
3488899650
3490373554
3494668904
3497558042
3498528031
3498735544
3502518552
3502809762
3503285451
3504243030
3504919665
3505733147
3506526291
3508848635
3508876925
3514279135
3514522341
3514582297
3515349912
3515397430
3515506331
3517166393
3521009202
3522218603
3531726267
3537112283
3538755522
3539119867
3541707911
3545852337
3547050542
3547397532
3547720633
3547862805
3548416084
3550827292
3553023522
3554714511
3555117887
3558439974
3558650580
3558670264
3560707580
3561878897
3562937390
3563285784
3567215263
3567581360
3575046235
3577645903
3579140953
3579727001
3579743762
3579764373
3579930491
3580119217
3581005973
3588465645
3591513113
3592326507
3594526611
3595423257
3596556007
3598113840
3599693467
3600526000
3603343222
3606508977
3606949911
3607256041
3608100525
3608287052
3612981255
3615230280
3616248455
3620429285
3620662422
3622657805
3624686071
3625107371
3628058580
3631041303
3633579365
3634619917
3638441601
3638605234
3647421244
3650121242
3652454930
3653789967
3654229803
3655952082
3656751091
3659481673
3663608254
3668116083
3668721193
3668822213
3670083063
3674607184
3675477282
3675736060
3676435761
3683691243
3686377975
3691556605
3698128074
3699952670
3700670563
3700687004
3702877677
3704303362
3705765524
3714242221
3716888423
3718420403
3719067492
3719657562
3722136654
3724969092
3730123153
3732535091
3733889612
3736157401
3738738142
3740611393
3746554790
3751469395
3753172790
3753386803
3754189842
3754297597
3759846882
3762009742
3768688490
3771565370
3774096410
3776733767
3777306552
3779347634
3779379373
3787815403
3788516617
3788904200
3795990870
3796509437
3798251385
3802471761
3802920760
3803286648
3803344741
3805766460
3807708661
3811406107
3817367736
3826511134
3826859810
3828610064
3828789353
3829213175
3830013190
3830057638
3834793262
3835096982
3838297303
3839127542
3840705477
3841771221
3845886782
3847689194
3847780619
3851097368
3851597278
3856798469
3857117767
3857551582
3858578660
3859183304
3862490462
3869558310
3869600262
3875602340
3877819547
3879162756
3879544536
3883181328
3884592975
3886528130
3887179223
3889307598
3890160376
3890196420
3891516255
3892160953
3893380021
3894157281
3896976343
3898259747
3898669038
3900215081
3900385780
3900530828
3903366260
3903561566
3904984308
3905687022
3905915646
3906153824
3908751451
3909058947
3910747185
3912834755
3914031529
3914178555
3915166939
3915887958
3916901841
3917786611
3918563382
3919040427
3920631851
3922257546
3923629419
3924982355
3928079545
3929711897
3929914915
3932208681
3933066584
3944257239
3945917804
3946443530
3948566937
3950014223
3954074030
3956805244
3956982798
3960991746
3962154098
3963266586
3963892820
3965823688
3967178799
3967451528
3967580204
3969844881
3973315671
3973492894
3974878262
3975633733
3977841517
3980563507
3985236467
3986147355
3987978865
3991417997
3992027287
3993730714
3995203466
5013060038
5017039801
5020758267
5020763400
5020803334
5022782413
5024616472
5029821626
5030110824
5032593200
5033685049
5042202310
5042609427
5042643460
5042771940
5044777660
5047597307
5048374662
5049348337
5051020673
5052270903
5052713022
5053717738
5056654285
5057872697
5058438912
5063879076
5064234674
5065451340
5067026787
5072855593
5074589284
5077798351
5078290425
5082964934
5085630417
5087491046
5093419718
5094311655
5095942826
5097117783
5100155680
5100207464
5100375303
5101787982
5103635606
5106918952
5107114303
5109444031
5109711326
5110216437
5111326435
5113416326
5113820905
5115935180
5119181614
5123010417
5126734791
5127201949
5131131284
5132049867
5133979618
5134872057
5135299864
5135401155
5137070341
5138845516
5140051200
5140302711
5144203271
5144890480
5144912148
5146535627
5147393476
5148861471
5148910891
5152304485
5156405196
5163088002
5164524148
5164741534
5165089330
5170161941
5170199971
5170640155
5171425062
5172668637
5175661402
5175753468
5176362703
5180007018
5180335506
5181087466
5182461981
5183088614
5183639392
5183675629
5185641585
5188607308
5190475695
5190742504
5191328308
5192812285
5201433975
5207412108
5208375255
5208392325
5213688548
5213955220
5219126325
5219980325
5222088847
5223399577
5224031136
5225456549
5225957553
5226237613
5228046997
5228100918
5228948277
5230260247
5230511058
5231975724
5234509404
5234593618
5238141548
5239232840
5240067500
5240134823
5240163043
5240968572
5241751359
5242889008
5243656003
5243723904
5244122936
5247801320
5248366005
5249882231
5250014418
5255413362
5260936308
5261042901
5261483007
5265514052
5266354084
5266627277
5268467278
5269172963
5273117497
5279534929
5280410617
5281041357
5281191556
5283834953
5285409658
5286983445
5289907723
5290507491
5291032498
5291824241
5292696634
5293535954
5300115885
5305282885
5308634801
5308716039
5309383052
5310169648
5311223132
5313182799
5313463986
5314749053
5315787905
5317828477
5318480164
5321474459
5323880959
5325454662
5326896744
5327168405
5329831786
5332606142
5333671257
5334093834
5334313369
5336329895
5336630363
5338891905
5341762750
5342071420
5342789143
5342907250
5343482908
5344152340
5344766314
5344831081
5351135023
5356028147
5358169756
5358343383
5363770795
5364698718
5367944295
5372959911
5375271862
5383773655
5388763362
5389765080
5390206674
5390832659
5391832693
5392590366
5393127336
5394592776
5395827858
5397582049
5402664730
5407030525
5415203315
5425652636
5428594234
5433431424
5436870697
5438787505
5447555409
5450199810
5451401865
5453957549
5454806466
5459382510
5459456144
5462730616
5466017088
5466065117
5466286143
5466605307
5467834609
5467855110
5470162299
5470614266
5474638136
5476345581
5477320351
5483008422
5489271313
5490658977
5492163396
5496045720
5497993620
5499158012
5499846259
5499948673
5500110167
5501682814
5502421419
5504347767
5505585886
5506705223
5507264102
5507848452
5510517295
5511754443
5512452767
5514864359
5516288818
5518095370
5519350933
5519749021
5519989530
5520020532
5526021279
5528410619
5531608869
5532046074
5533669295
5536397313
5537621849
5538411629
5539111418
5540777297
5540867294
5543000973
5543394450
5543645776
5544721911
5552671930
5553440679
5558366461
5561186200
5563033326
5564041867
5565971583
5570716210
5571303132
5572759558
5572854847
5574755099
5577708884
5580553852
5580730005
5581081898
5582659680
5583432222
5584095077
5584160461
5584657729
5589279489
5589867448
5591004664
5592402936
5594417105
5594711059
5596017363
5597730405
5600029229
5600267466
5607946260
5608472302
5610009517
5611187739
5613157977
5616413326
5618244310
5622004557
5627807007
5627905372
5628578226
5628622206
5629025353
5629183091
5631535415
5632183405
5632895863
5633928414
5643335746
5643342246
5645931008
5647209016
5647857069
5648672000
5649216001
5652812132
5653139114
5659134235
5659679230
5662793920
5662906916
5663713328
5665059314
5666010325
5668811793
5669744469
5669943438
5671046076
5672539115
5673193938
5677170431
5680612194
5683422812
5685603006
5686141608
5688841516
5690425348
5692854755
5694557542
5695067769
5697500934
5698331029
5699655162
5699800489
5699800503
5700172242
5704726886
5704801777
5704834946
5705021476
5706726794
5706893899
5709965759
5712791653
5714730835
5715480974
5715766805
5717800422
5723958777
5727942146
5728540823
5729894579
5730089758
5735438229
5745465668
5745465669
5748226624
5750377703
5751835035
5759978460
5763742111
5769389148
5771960194
5774333382
5775033204
5779937868
5784655154
5793277617
5794979580
5806538013
5807213413
5811136688
5816154968
5820140232
5822159117
5827379669
5828715811
5832437833
5832788156
5834767075
5835576856
5837933069
5847230214
5847500501
5857472759
5859707957
5862065096
5874186740
5874698452
5881648968
5883448874
5886084982
5889141072
5891248949
5893242677
5893640450
5896320245
5901290214
5907530721
5908168348
5910241973
5915802549
5917689769
5926097743
5932737705
5940768355
5976024275
5977323689
6001169764
6013339847
6025425394
6029790859
6051943683
6052046825
